0 0.306640625 0.5634765625 0.01318359375 0.014973958333333334
1 0.361572265625 0.4016927083333333 0.03125 0.095703125
1 0.269287109375 0.4518229166666667 0.017578125 0.052083333333333336
1 0.37890625 0.400390625 0.02587890625 0.09765625
1 0.664794921875 0.2965494791666667 0.033203125 0.048828125
1 0.615966796875 0.3108723958333333 0.03173828125 0.050130208333333336
1 0.56005859375 0.3362630208333333 0.02880859375 0.048828125
1 0.595458984375 0.3326822916666667 0.01806640625 0.025390625
1 0.510498046875 0.3470052083333333 0.01806640625 0.044921875
1 0.525146484375 0.3557942708333333 0.0185546875 0.033203125
1 0.4990234375 0.3610026041666667 0.015625 0.03515625