0 0.305419921875 0.5556640625 0.013671875 0.015625
1 0.407958984375 0.6689453125 0.03369140625 0.09635416666666667
1 0.30859375 0.6780598958333334 0.0185546875 0.052083333333333336
1 0.424072265625 0.66015625 0.0283203125 0.09765625
1 0.71484375 0.5865885416666666 0.03369140625 0.049479166666666664
1 0.66650390625 0.6022135416666666 0.03271484375 0.051432291666666664
1 0.60791015625 0.6119791666666666 0.02978515625 0.049479166666666664
1 0.640869140625 0.5947265625 0.01806640625 0.026041666666666668
1 0.559814453125 0.6315104166666666 0.01904296875 0.044921875
1 0.570068359375 0.6149088541666666 0.01904296875 0.033854166666666664
1 0.544921875 0.6256510416666666 0.0166015625 0.035807291666666664