0 0.6989705882352941 0.49137721755368813 0.011577380952380922 0.012334267040149319
1 0.6200122549019609 0.6343720821661999 0.017321428571428488 0.09325396825396837
1 0.7180829831932772 0.6109827264239028 0.009817927170868268 0.05021708683473388
1 0.6028571428571429 0.6309990662931839 0.010959383753501362 0.09699346405228759
1 0.3071533613445378 0.6532142857142856 0.027107843137254894 0.041937441643324025
1 0.35698529411764707 0.6527777777777778 0.025192577030812346 0.04442343604108304
1 0.41573529411764704 0.643468720821662 0.022573529411764715 0.0436811391223156
1 0.3805917366946779 0.6372502334267041 0.014763655462184833 0.02169934640522871
1 0.4658368347338936 0.6467296918767508 0.011752450980392126 0.04254201680672276
1 0.452827380952381 0.6340966386554622 0.014054621848739512 0.030023342670401448
1 0.47923494397759103 0.6363398692810457 0.010796568627450931 0.03309290382819796